# === CONFIGURACIÓN GENERAL ===
KERNEL = 'lienal'
GAMMA = 0.2
C_PARAM = 10

# === PARÁMETROS DE PREPROCESAMIENTO (PCA) ===
PCA_MEAN = [0.113896, 0.084678, 0.01142, 157.100006]
PCA_STD = [0.025324, 0.016891, 0.005915, 43.865616]
PCA_AUTOVECTORES = [[0.553548, 0.516263, 0.552017, 0.349763], [-0.199509, -0.437188, 0.054349, 0.875277]]

# === PARÁMETROS DEL MODELO SVM ===
BIAS = -0.332502
LAMBDAS_SV = [10.0, 10.0, 10.0, 10.0, 10.0, 10.0, 9.983359, 10.0, 10.0, 10.0, 10.0, 10.0, 10.0, 9.45442, 10.0, 10.0, 10.0, 6.026732, 10.0, 10.0, 6.511717, 3.100668, 10.0, 10.0]
ETIQUETAS_SV = [1.0, 1.0, -1.0, -1.0, -1.0, 1.0, 1.0, -1.0, 1.0, 1.0, -1.0, -1.0, 1.0, 1.0, -1.0, -1.0, -1.0, -1.0, -1.0, 1.0, -1.0, 1.0, 1.0, 1.0]
DATOS_SV = [[0.74387, -0.181446], [0.317006, 0.708413], [0.577743, -0.508686], [-0.524281, 0.744223], [0.619965, -1.073811], [-0.40355, 0.672013], [-0.05602, 1.254626], [0.743118, 0.535973], [-0.479609, 0.227756], [0.738888, -1.023939], [-0.566481, 0.803601], [0.590365, 0.472566], [-0.297531, 0.191961], [0.348035, 0.683042], [-0.195257, 0.206665], [0.280177, 1.765688], [-0.477671, 0.373751], [0.126693, -1.135079], [0.0001, -0.473917], [0.099553, -1.646878], [-0.664883, 0.389598], [0.718726, 0.094586], [-0.281263, 0.971023], [-0.074259, 0.671132]]
