100000000000001000001000100001000000000100010000001000100001
100000000000001100000111111110001000100001000001110111001110
011110111011110000001000100001001011101101011000000000000000
100000000000001100000111111110001001100101001001100110001100
100000000000001000001000100001001011101101011000000000000000
100000000000001100000111111110001110111001110000000000000000
100000000000001100000111111110010111011110111000101010100101
100000000000001100000111111110010000000010000000010001000010
100000000000001100000111111110001000100001000001110111001110
001101110101101100000111111110010001000110001010101011010111
100000000000001000001000100001000111011100111001111111101111
100000000000001100000111111110001101110101101000000000000000
100000000000001000001000100001010110011010110000101010100101
100000000000001000001000100001001011101101011000000000000000
100000000000001000001000100001010001000110001000001000100001
100000000000001100000111111110000000000100010000010001000010
100000000000001000001000100001010100010010100000000000000000
100000000000001100000111111110000111011100111001110111001110
100000000000001100000111111110010010001010010000000000000000
100000000000001100000111111110010000000010000000000000000000
100000000000001000001000100001001100110001100000000000000000
100000000000001100000111111110001101110101101000000000000000
100000000000001100000111111110010010001010010000000000000000
100000000000001000001000100001000111011100111010000000010000
100000000000001100000111111110010001000110001000001000100001
010000000010000000001000100001001011101101011000000000000000
100000000000001100000111111110010001000110001000001000100001
100000000000001000001000100001010110011010110000001000100001
100000000000001100000111111110010001000110001000010001000010
100000000000001000001000100001001110111001110000001000100001
100000000000001000001000100001000101010100101010100010010100
100000000000001100000111111110010000000010000000011001100011
010011001110011100000111111110000100010100110000010001000010
100000000000001100000111111110000110011000110001111111101111
100000000000001100000111111110001100110001100000000000000000
100000000000001000001000100001001110111001110000010001000010
100000000000001100000111111110010001000110001000010001000010
100000000000001100000111111110001000100001000001100110001100
100000000000001000001000100001010100010110110000011001100011
100000000000001100000111111110001011101101011000000000000000
100000000000001000001000100001001100110001100000000000000000
100000000000001000001000100001001100110001100000000000000000
100000000000001000001000100001010100010010100000001000100001
100000000000001100000111111110010100010010100000101010100101
100000000000001100000111111110001001100101001001011101101011
100000000000001000001000100001001011101101011000000000000000
100000000000001100000111111110010010001010010000001000100001
010001000110001000001000100001001011101101011000000000000000
100000000000001100000111111110001111111101111000001000100001
100000000000001000001000100001000101011000111000011001100011
100000000000001100000111111110001110111001110000001000100001
011111111100000000001000100001001011101101011000000000000000
100000000000001100000111111110010000000010000000001000100001
100000000000001000001000100001001000100001000010100010010100
100000000000001000001000100001001100110001100000000000000000
100000000000001000001000100001001100110001100000000000000000
100000000000001100000111111110010010001010010000000000000000
100000000000001000001000100001010100010010100000101010100101
100000000000001100000111111110001111111101111000000000000000
100000000000001100000111111110011001100111001000111011100111
100000000000001000001000100001000111011100111010000000010000
100000000000001000001000100001000010001100100000010001000010
100000000000001000001000100001011011101111011000010001000010
100000000000001100000111111110010001000110001000001000100001
100000000000001100000111111110001001100101001001101110101101
100000000000001000001000100001010000000010000000000000000000
100000000000001000001000100001001000100001000001101110101101
100000000000001000001000100001001011101101011000000000000000
100000000000001100000111111110001000100101010000010001000010
100000000000001000001000100001001011101101011000000000000000
100000000000001000001000100001001100110001100000000000000000
100000000000001100000111111110011101110111101000010001000010
100000000000001100000111111110001111111101111000000000000000
100000000000001000001000100001000011001100011010101010110101
100000000000001000001000100001001011101101011000000000000000
100000000000001100000111111110001110111001110000001000100001
100000000000001000001000100001010110011010110000001000100001
100000000000001000001000100001001101110101101000001000100001
